1768  278.3430
1769  278.4706
1770  278.6005
1771  278.7328
1772  278.8688
1773  279.0091
1774  279.1532
1775  279.3018
1776  279.4568
1777  279.6181
1778  279.7819
1779  279.9432
1780  280.0974
1781  280.2428
1782  280.3817
1783  280.5183
1784  280.6572
1785  280.8026
1786  280.9568
1787  281.1181
1788  281.2819
1789  281.4432
1790  281.5982
1791  281.7468
1792  281.8909
1793  282.0312
1794  282.1672
1795  282.2990
1796  282.4268
1797  282.5509
1798  282.6712
1799  282.7873
1800  283.6807
1801  283.8716
1802  284.0474
1803  284.2075
1804  284.3517
1805  284.4801
1806  284.5932
1807  284.6918
1808  284.7769
1809  284.8496
1810  284.9109
1811  284.9619
1812  285.0034
1813  285.0362
1814  285.0607
1815  285.0771
1816  285.0855
1817  285.0858
1818  285.0778
1819  285.0611
1820  285.0356
1821  285.0011
1822  284.9576
1823  284.9056
1824  284.8455
1825  284.7783
1826  284.7053
1827  284.6281
1828  284.5485
1829  284.4687
1830  284.3910
1831  284.3178
1832  284.2516
1833  284.1947
1834  284.1492
1835  284.1170
1836  284.0995
1837  284.0979
1838  284.1128
1839  284.1443
1840  284.1922
1841  284.2556
1842  284.3333
1843  284.4238
1844  284.5251
1845  284.6351
1846  284.7516
1847  284.8722
1848  284.9947
1849  285.1169
1850  285.2370
1851  285.3533
1852  285.4645
1853  285.5697
1854  285.6684
1855  285.7606
1856  285.8468
1857  285.9279
1858  286.0053
1859  286.0807
1860  287.1400
1861  287.2900
1862  287.4400
1863  287.6100
1864  287.7900
1865  287.9700
1866  288.1500
1867  288.3300
1868  288.5200
1869  288.7200
1870  288.9200
1871  289.1200
1872  289.3200
1873  289.5300
1874  289.7500
1875  289.9700
1876  290.1900
1877  290.4100
1878  290.6400
1879  290.8800
1880  291.1200
1881  291.3700
1882  291.6100
1883  291.8500
1884  292.1100
1885  292.3600
1886  292.6100
1887  292.8700
1888  293.1200
1889  293.3800
1890  293.6500
1891  293.9100
1892  294.1700
1893  294.4400
1894  294.7100
1895  294.9800
1896  295.2600
1897  295.5400
1898  295.8100
1899  296.0900
1900  296.3700
1901  296.6400
1902  296.9200
1903  297.1900
1904  297.4700
1905  297.7500
1906  298.0300
1907  298.3100
1908  298.5900
1909  298.8700
1910  299.1600
1911  299.4800
1912  299.7900
1913  300.1000
1914  300.4200
1915  300.7400
1916  301.0900
1917  301.4400
1918  301.8000
1919  302.1500
1920  302.5100
1921  302.8900
1922  303.2800
1923  303.6600
1924  304.0500
1925  304.4400
1926  304.8200
1927  305.2100
1928  305.5900
1929  305.9700
1930  306.3600
1931  306.7300
1932  307.0800
1933  307.4300
1934  307.7800
1935  308.1300
1936  308.4600
1937  308.7300
1938  309.0000
1939  309.2600
1940  309.5200
1941  309.7800
1942  309.9700
1943  310.1400
1944  310.3100
1945  310.4800
1946  310.6500
1947  310.8500
1948  311.0700
1949  311.2900
1950  311.5200
1951  311.7400
1952  312.0300
1953  312.4500
1954  312.8800
1955  313.3100
1956  313.7300
1957  314.2000
1958  314.6700
1959  315.3400
1960  316.2600
1961  316.9700
1962  317.7700
1963  318.2900
1964  318.9000
1965  319.3100
1966  320.6300
1967  321.3900
1968  322.2600
1969  323.8300
1970  324.8600
1971  325.4900
1972  326.6100
1973  328.8100
1974  329.2900
1975  330.1800
1976  331.1400
1977  332.6900
1978  334.5700
1979  335.7800
1980  337.7300
1981  339.2100
1982  340.2700
1983  341.8200
1984  343.3000
1985  344.7800
1986  346.0900
1987  347.9700
1988  350.2100
1989  351.8100
1990  353.0200
1991  354.3500
1992  355.2400
1993  355.9600
1994  357.4200
1995  359.3400
1996  361.0000
1997  362.3100
1998  365.1400
1999  366.9100
2000  368.1200
2001  369.8100
2002  371.8500
2003  374.3800
2004  376.1200
2005  378.2000
2006  380.2600
2007  382.2200
2008  384.1200
2009  385.7700
2010  387.9200
