Lat	GREENUP	GREENUP	GREENUP	GREENUP	GREENUP	GREENUP	GREENUP	GREENUP	GREENUP	GREENUP	GREENUP	FALL	FALL	FALL	FALL	FALL	FALL	FALL	FALL	FALL	FALL	FALL	PHENDOY1	PHENDOY1	PHENDOY1	PHENDOY1	PHENDOY1	PHENDOY1	PHENDOY1	PHENDOY1	PHENDOY1	PHENDOY1	PHENDOY1
	3	4	5	6	7	8	9	10	12	14	18	3	4	5	6	7	8	9	10	12	14	18	3	4	5	6	7	8	9	10	12	14	18
79.75	167	156	161	162	184	178	172	184	145	146	184	231	231	232	235	229	225	211	229	230	233	229	0	0	0	0	0	0	0	0	0	0	0
79.25	167	156	161	162	184	178	172	184	145	146	184	231	231	232	235	229	225	211	229	230	233	229	0	0	0	0	0	0	0	0	0	0	0
78.75	167	156	161	162	184	178	172	184	145	146	184	231	231	232	235	229	225	211	229	230	233	229	0	0	0	0	0	0	0	0	0	0	0
78.25	167	156	161	162	184	178	172	184	145	146	184	231	231	232	235	229	225	211	229	230	233	229	0	0	0	0	0	0	0	0	0	0	0
77.75	167	156	161	162	184	178	172	184	145	146	184	231	231	232	235	229	225	211	229	230	233	229	0	0	0	0	0	0	0	0	0	0	0
77.25	167	156	161	162	184	178	172	184	145	146	184	231	231	232	235	229	227	211	229	230	233	229	0	0	0	0	0	0	0	0	0	0	0
76.75	167	156	161	162	184	178	172	184	145	146	184	231	231	232	235	229	230	223	230	230	233	229	0	0	0	0	0	0	0	0	0	0	0
76.25	167	156	161	162	184	178	172	184	145	146	184	231	231	232	235	230	231	227	230	230	233	230	0	0	0	0	0	0	0	0	0	0	0
75.75	167	156	161	162	184	178	172	184	145	146	184	231	231	232	235	230	232	229	231	230	233	230	0	0	0	0	0	0	0	0	0	0	0
75.25	167	156	161	162	185	178	172	185	145	146	185	231	231	232	235	231	232	229	232	230	233	231	0	0	0	0	0	0	0	0	0	0	0
74.75	167	156	161	162	185	178	172	185	145	146	185	231	231	232	235	231	233	233	232	230	233	231	0	0	0	0	0	0	0	0	0	0	0
74.25	167	156	161	162	185	178	172	184	145	146	185	231	231	232	235	232	233	233	232	230	233	232	0	0	0	0	0	0	0	0	0	0	0
73.75	167	156	161	162	185	178	172	184	145	146	185	231	231	232	235	233	233	233	233	230	233	233	0	0	0	0	0	0	0	0	0	0	0
73.25	167	156	161	162	186	178	172	183	145	146	186	231	231	232	235	232	233	233	233	230	233	232	0	0	0	0	0	0	0	0	0	0	0
72.75	167	156	161	162	186	178	172	184	145	146	186	231	231	232	235	233	233	233	234	230	233	233	0	0	0	0	0	0	0	0	0	0	0
72.25	167	156	161	162	186	178	172	183	145	146	186	231	231	232	235	234	232	233	234	230	233	234	0	0	0	0	0	0	0	0	0	0	0
71.75	167	156	161	162	185	178	172	183	145	146	185	231	231	232	235	234	232	233	234	230	233	234	0	0	0	0	0	0	0	0	0	0	0
71.25	167	156	161	162	184	178	172	182	145	146	184	231	231	232	235	234	232	233	234	230	233	234	0	0	0	0	0	0	0	0	0	0	0
70.75	167	156	161	162	183	177	172	181	145	146	183	231	231	232	235	234	232	233	233	230	233	234	0	0	0	0	0	0	0	0	0	0	0
70.25	167	156	161	162	182	176	172	180	145	146	182	231	231	232	235	234	232	233	234	230	233	234	0	0	0	0	0	0	0	0	0	0	0
69.75	167	156	161	162	181	175	172	178	145	146	181	231	231	232	235	234	233	233	234	230	233	234	0	0	0	0	0	0	0	0	0	0	0
69.25	167	156	161	162	179	173	171	177	145	146	179	231	231	232	235	234	233	233	234	230	233	234	0	0	0	0	0	0	0	0	0	0	0
68.75	167	156	161	162	177	172	170	176	145	146	177	231	231	232	235	234	233	233	233	230	233	234	0	0	0	0	0	0	0	0	0	0	0
68.25	167	156	161	162	176	170	169	174	145	146	176	231	231	232	235	233	232	233	233	230	233	233	0	0	0	0	0	0	0	0	0	0	0
67.75	167	156	160	162	175	168	168	173	145	146	175	231	231	231	235	233	231	233	233	230	233	233	0	0	0	0	0	0	0	0	0	0	0
67.25	167	156	160	162	173	167	167	171	145	146	173	231	231	231	235	233	231	233	233	230	233	233	0	0	0	0	0	0	0	0	0	0	0
66.75	166	156	157	162	172	165	166	170	145	146	172	231	230	231	235	233	231	233	233	230	233	233	0	0	0	0	0	0	0	0	0	0	0
66.25	166	155	156	161	171	164	165	168	145	146	171	231	230	231	234	233	231	233	233	230	233	233	0	0	0	0	0	0	0	0	0	0	0
65.75	164	154	154	159	170	162	163	167	145	146	170	231	230	230	234	233	231	233	233	230	233	233	0	0	0	0	0	0	0	0	0	0	0
65.25	163	153	153	158	169	161	162	166	145	146	169	231	230	230	234	233	231	233	233	230	233	233	0	0	0	0	0	0	0	0	0	0	0
64.75	161	153	152	157	168	160	161	165	145	146	168	231	230	230	234	233	231	232	232	230	232	233	0	0	0	0	0	0	0	0	0	0	0
64.25	160	152	152	156	167	159	160	164	145	146	167	231	230	230	234	233	231	232	233	230	232	233	0	0	0	0	0	0	0	0	0	0	0
63.75	159	151	150	155	167	158	159	163	144	144	167	231	229	229	235	233	231	232	233	229	231	233	0	0	0	0	0	0	0	0	0	0	0
63.25	158	150	149	154	166	157	158	163	144	143	166	232	229	229	235	233	231	232	233	227	230	233	0	0	0	0	0	0	0	0	0	0	0
62.75	157	148	148	153	166	157	157	162	144	142	166	232	229	229	235	233	231	232	233	227	229	233	0	0	0	0	0	0	0	0	0	0	0
62.25	156	147	147	151	165	156	155	161	143	141	165	232	229	229	236	234	231	231	233	226	228	234	0	0	0	0	0	0	0	0	0	0	0
61.75	155	146	147	150	165	155	154	161	142	140	165	232	228	229	236	234	230	230	233	224	227	234	0	0	0	0	0	0	0	0	0	0	0
61.25	155	145	146	148	165	155	153	160	141	139	165	232	228	228	235	234	230	230	233	222	226	234	0	0	0	0	0	0	0	0	0	0	0
60.75	154	144	145	147	165	154	153	159	140	138	165	232	227	228	234	234	230	229	232	220	224	234	0	0	0	0	0	0	0	0	0	0	0
60.25	153	144	144	146	165	154	152	159	139	137	165	232	226	227	234	235	230	229	232	220	223	235	0	0	0	0	0	0	0	0	0	0	0
59.75	153	143	143	145	165	153	152	158	138	136	165	232	226	227	233	235	230	229	232	218	222	235	0	0	0	0	0	0	0	0	0	0	0
59.25	152	143	142	145	165	153	152	157	138	135	165	233	226	227	233	235	230	229	232	217	220	235	0	0	0	0	0	0	0	0	0	0	0
58.75	151	143	142	145	165	152	151	156	138	134	165	233	226	226	233	235	230	229	232	217	220	235	0	0	0	0	0	0	0	0	0	0	0
58.25	151	142	141	144	164	152	151	156	137	132	164	233	225	226	233	235	230	229	232	217	220	235	0	0	0	0	0	0	0	0	0	0	0
57.75	150	141	140	144	164	152	151	155	136	130	164	233	225	226	234	236	230	229	231	216	219	236	0	0	0	0	0	0	0	0	0	0	0
57.25	149	140	140	144	164	152	150	154	135	128	164	233	225	226	234	236	230	229	231	216	219	236	0	0	0	0	0	0	0	0	0	0	0
56.75	149	139	139	143	164	151	149	153	134	127	164	233	225	225	234	236	230	229	231	215	219	236	0	0	0	0	0	0	0	0	0	0	0
56.25	148	137	138	142	163	151	149	152	133	125	163	234	225	225	234	236	230	229	230	215	218	236	0	0	0	0	0	0	0	0	0	0	0
55.75	147	136	137	141	163	151	149	150	132	124	163	234	224	225	233	236	230	230	229	214	218	236	0	0	0	0	0	0	0	0	0	0	0
55.25	147	134	137	141	162	150	149	149	132	123	162	234	224	225	233	236	230	230	228	214	218	236	0	0	0	0	0	0	0	0	0	0	0
54.75	146	133	136	140	161	150	149	147	131	122	161	234	223	225	233	235	230	230	227	214	218	235	0	0	0	0	0	0	0	0	0	0	0
54.25	146	132	135	140	161	149	149	145	130	122	161	234	223	225	232	235	230	231	225	214	217	235	0	0	0	0	0	0	0	0	0	0	0
53.75	145	130	135	140	160	148	149	143	129	121	160	234	222	225	232	235	229	231	224	214	217	235	0	0	0	0	0	0	0	0	0	0	0
53.25	144	129	135	139	158	147	149	141	128	121	158	234	222	225	231	234	229	232	222	214	217	234	0	0	0	0	0	0	0	0	0	0	0
52.75	144	127	135	139	157	146	149	139	127	120	157	234	221	225	231	234	229	232	221	214	217	234	0	0	0	0	0	0	0	0	0	0	0
52.25	143	126	135	137	155	145	148	137	126	120	155	234	221	225	229	233	228	233	219	214	217	233	0	0	0	0	0	0	0	0	0	0	0
51.75	142	124	135	136	153	143	148	135	125	119	153	234	221	225	227	233	228	234	218	214	216	233	0	0	0	0	0	0	0	0	0	0	0
51.25	142	123	135	135	151	142	147	133	124	118	151	234	221	226	225	232	227	234	217	215	216	232	0	0	0	0	0	0	0	0	0	0	0
50.75	142	122	135	132	149	140	144	131	123	118	149	234	221	226	223	230	227	233	215	215	216	230	0	0	0	0	0	0	0	0	0	0	0
50.25	141	121	135	128	146	138	141	129	121	119	146	234	222	227	220	228	226	231	213	216	217	228	0	0	0	0	0	0	0	0	0	0	0
49.75	141	120	134	125	143	135	138	127	120	119	143	233	222	227	218	226	226	230	212	217	217	226	0	0	0	0	0	0	0	0	0	0	0
49.25	140	119	133	121	141	132	134	125	119	119	141	233	222	227	214	225	225	229	211	218	218	225	0	0	0	0	0	0	0	0	0	0	0
48.75	139	119	133	117	138	129	131	124	119	120	138	233	222	227	210	222	224	228	209	219	219	222	0	0	0	0	0	0	0	0	0	0	0
48.25	139	119	132	114	135	127	129	122	118	120	135	232	222	227	208	220	222	227	208	220	219	220	0	0	0	0	0	0	0	0	0	0	0
47.75	138	119	132	112	132	124	126	120	118	120	132	232	223	227	205	217	221	225	207	222	220	217	0	0	0	0	0	0	0	0	0	0	0
47.25	138	119	130	109	129	122	122	118	118	119	129	232	223	227	203	215	220	223	205	223	220	215	0	0	0	0	0	0	0	0	0	0	0
46.75	138	119	129	107	127	120	119	118	118	118	127	231	224	227	201	213	219	222	205	224	221	213	0	0	0	0	0	0	0	0	0	0	0
46.25	137	119	128	104	124	117	117	117	118	118	124	230	224	226	200	210	218	221	205	226	222	210	0	0	0	0	0	0	0	0	0	0	0
45.75	136	119	127	101	121	115	114	116	118	117	121	229	226	226	197	206	216	219	205	227	222	206	0	0	0	0	0	0	0	0	0	0	0
45.25	136	120	126	99	117	113	111	116	117	115	117	229	227	226	195	203	214	218	205	229	223	203	0	0	0	0	0	0	0	0	0	0	0
44.75	136	120	125	97	115	111	109	116	117	114	115	228	227	226	194	200	213	215	206	230	223	200	0	0	0	0	0	0	0	0	0	0	0
44.25	135	119	123	95	112	108	106	115	117	113	112	227	228	226	193	197	210	212	206	230	224	197	0	0	0	0	0	0	0	0	0	0	0
43.75	135	119	121	95	109	106	104	115	116	112	109	226	228	226	192	194	208	211	206	231	225	194	0	0	0	0	0	0	0	0	0	0	0
43.25	134	119	120	94	107	104	101	115	116	110	107	226	228	225	191	192	206	209	206	232	225	192	0	0	0	0	0	0	0	0	0	0	0
42.75	133	118	118	93	106	102	100	114	115	109	106	225	228	225	190	191	204	204	207	233	226	191	0	0	0	0	0	0	0	0	0	0	0
42.25	133	117	117	92	104	101	99	114	114	107	104	225	228	225	189	187	202	204	207	233	227	187	0	0	0	0	0	0	0	0	0	0	0
41.75	132	116	115	93	102	100	99	113	112	105	102	224	227	224	190	186	200	202	208	232	226	186	0	0	0	0	0	0	0	0	0	0	0
41.25	132	115	114	93	101	100	99	113	111	104	101	225	227	224	190	184	199	202	209	233	226	184	0	0	0	0	0	0	0	0	0	0	0
40.75	131	113	113	93	100	99	99	112	109	102	100	224	226	224	191	180	198	202	210	234	226	180	0	0	0	0	0	0	0	0	0	0	0
40.25	131	112	111	94	98	98	99	111	108	100	98	224	226	224	195	176	198	202	210	234	226	176	0	0	0	0	0	0	0	0	0	0	0
39.75	131	111	110	93	95	97	99	110	107	98	95	225	226	224	197	172	199	204	211	235	226	172	0	0	0	0	0	0	0	0	0	0	0
39.25	131	109	109	92	92	96	99	110	105	97	92	226	225	224	200	167	199	205	213	235	226	167	0	0	0	0	0	0	0	0	0	0	0
38.75	131	107	108	91	89	95	99	110	103	95	89	226	225	224	203	163	200	207	215	236	227	163	0	0	0	0	0	0	0	0	0	0	0
38.25	131	106	106	91	86	94	99	111	101	93	86	227	224	225	203	166	201	208	216	236	227	166	0	0	0	0	0	0	0	0	0	0	0
37.75	130	104	105	90	88	92	99	111	99	91	88	227	223	225	206	170	202	209	217	235	227	170	0	0	0	0	0	0	0	0	0	0	0
37.25	130	102	104	91	89	91	99	111	96	89	89	229	222	225	210	175	203	210	219	235	227	175	0	0	0	0	0	0	0	0	0	0	0
36.75	130	100	102	88	93	90	97	111	94	88	93	230	221	225	212	180	204	212	220	235	227	180	0	0	0	0	0	0	0	0	0	0	0
36.25	129	98	100	87	97	88	95	110	92	86	97	231	221	225	215	184	206	215	222	235	227	184	0	0	0	0	0	0	0	0	0	0	0
35.75	128	96	99	86	100	87	94	110	91	84	100	233	220	225	217	188	208	218	224	235	228	188	0	0	0	0	0	0	0	0	0	0	0
35.25	127	94	97	85	104	86	92	110	90	83	104	234	220	226	219	192	210	218	226	234	228	192	0	0	0	0	0	0	0	0	0	0	0
34.75	126	93	96	84	107	84	90	110	88	82	107	235	220	226	223	197	213	219	228	233	228	197	0	0	0	0	0	0	0	0	0	0	0
34.25	125	91	94	82	109	84	88	111	87	80	109	236	221	226	227	201	216	224	231	233	228	201	0	0	0	0	0	0	0	0	0	0	0
33.75	123	90	93	83	113	83	88	114	86	79	113	237	222	227	231	208	220	225	233	233	229	208	0	0	0	0	0	0	0	0	0	0	0
33.25	120	89	91	83	118	82	87	115	85	78	118	238	223	228	234	213	223	229	235	236	231	213	0	0	0	0	0	0	0	0	0	0	0
32.75	118	88	90	83	122	81	87	117	84	76	122	238	225	229	237	218	226	231	238	235	233	218	0	0	0	0	0	0	0	0	0	0	0
32.25	114	88	89	84	126	81	87	120	85	75	126	235	226	230	240	227	229	233	241	236	234	227	0	0	0	0	0	0	0	0	0	0	0
31.75	113	88	88	87	133	81	88	122	85	75	133	236	228	231	243	236	231	235	244	236	236	236	0	0	0	0	0	0	0	0	0	0	0
31.25	110	89	87	90	140	82	88	124	85	74	140	236	230	232	245	245	233	237	247	236	237	245	0	0	0	0	0	0	0	0	0	0	0
30.75	108	90	87	92	148	83	90	126	86	73	148	236	232	233	246	255	235	238	251	237	239	255	0	0	0	0	0	0	0	0	0	0	0
30.25	107	93	87	95	156	84	91	128	88	73	156	237	234	234	247	265	237	240	253	237	240	265	0	0	0	0	0	0	0	0	0	0	0
29.75	108	95	86	97	163	85	92	129	90	74	163	238	236	235	251	268	238	242	256	238	241	268	0	0	0	0	0	0	0	0	0	0	0
29.25	110	100	86	99	167	86	94	132	93	75	167	238	238	236	252	270	240	244	259	241	244	270	0	0	0	0	0	0	0	0	0	0	0
28.75	109	105	86	101	170	87	95	134	97	76	170	238	241	237	253	272	243	246	262	244	246	272	0	0	0	0	0	0	0	0	0	0	0
28.25	112	109	86	105	170	89	98	136	99	77	170	239	243	238	255	273	245	247	264	247	248	273	0	0	0	0	0	0	0	0	0	0	0
27.75	111	114	87	107	170	92	101	138	101	78	170	239	246	240	256	275	247	250	266	251	249	275	0	0	0	0	0	0	0	0	0	0	0
27.25	116	119	88	110	169	95	104	140	104	80	169	242	249	241	257	276	250	253	268	254	251	276	0	0	0	0	0	0	0	0	0	0	0
26.75	115	123	91	112	169	98	108	141	106	83	169	242	251	243	260	278	252	256	270	260	253	278	0	0	0	0	0	0	0	0	0	0	0
26.25	115	127	94	114	168	102	112	144	109	86	168	245	254	245	261	279	254	258	272	262	256	279	0	0	0	0	0	0	0	0	0	0	0
25.75	115	131	98	120	169	105	117	145	112	89	169	245	256	247	262	279	256	260	273	263	258	279	0	0	0	0	0	0	0	0	0	0	0
25.25	116	134	103	122	168	109	120	145	115	93	168	245	257	248	263	279	258	262	273	265	259	279	0	0	0	0	0	0	0	0	0	0	0
24.75	118	137	106	123	167	113	122	146	118	96	167	240	258	249	264	279	259	263	274	267	261	279	0	0	0	0	0	0	0	0	0	0	0
24.25	121	140	110	125	165	116	124	146	120	100	165	241	259	250	265	279	260	265	274	269	262	279	0	0	0	0	0	0	0	0	0	0	0
23.75	127	142	114	126	164	119	127	146	121	102	164	249	260	251	266	279	261	266	274	271	263	279	0	0	0	0	0	0	0	0	0	0	0
23.25	131	145	116	126	162	121	129	145	122	101	162	251	262	253	266	278	262	267	274	273	264	278	0	0	0	0	0	0	0	0	0	0	0
22.75	134	147	119	126	159	123	130	144	121	103	159	254	262	254	267	278	263	268	274	276	265	278	0	0	0	0	0	0	0	0	0	0	0
22.25	137	148	122	127	157	125	131	144	122	106	157	256	263	255	269	278	264	270	274	279	266	278	0	0	0	0	0	0	0	0	0	0	0
21.75	140	148	125	127	159	127	132	143	123	109	159	256	264	256	272	277	265	270	274	281	267	277	0	0	0	0	0	0	0	0	0	0	0
21.25	141	148	126	128	160	129	133	142	124	112	160	257	265	257	272	277	266	271	274	283	268	277	0	0	0	0	0	0	0	0	0	0	0
20.75	141	146	128	128	161	131	133	146	124	114	161	261	265	258	273	276	267	272	274	284	269	276	0	0	0	0	0	0	0	0	0	0	0
20.25	141	144	131	129	163	132	134	149	125	116	163	262	266	260	273	274	268	273	273	285	270	274	0	0	0	0	0	0	0	0	0	0	0
19.75	130	142	132	132	166	133	134	152	124	117	166	263	267	261	273	273	269	274	272	285	271	273	0	0	0	0	0	0	0	0	0	0	0
19.25	130	140	133	138	169	133	135	155	125	118	169	263	268	263	274	273	270	273	271	285	273	273	0	0	0	0	0	0	0	0	0	0	0
18.75	123	138	134	144	172	133	135	158	128	119	172	263	269	265	275	272	271	273	270	285	274	272	0	0	0	0	0	0	0	0	0	0	0
18.25	123	137	134	146	175	133	138	160	131	119	175	263	269	266	275	272	272	273	270	284	275	272	0	0	0	0	0	0	0	0	0	0	0
17.75	126	138	136	149	178	134	141	163	134	120	178	262	270	267	275	271	273	273	269	284	276	271	0	0	0	0	0	0	0	0	0	0	0
17.25	126	138	137	151	180	135	143	165	135	120	180	265	271	268	277	271	273	272	269	283	278	271	0	0	0	0	0	0	0	0	0	0	0
16.75	131	139	137	154	183	135	144	167	138	121	183	266	271	269	277	271	274	272	269	283	279	271	0	0	0	0	0	0	0	0	0	0	0
16.25	135	140	138	157	185	136	146	168	141	121	185	275	271	270	277	271	274	272	269	282	280	271	0	0	0	0	0	0	0	0	0	0	0
15.75	137	139	137	161	186	136	148	169	144	122	186	277	272	271	278	271	275	272	269	281	281	271	0	0	0	0	0	0	0	0	0	0	0
15.25	137	139	138	162	187	135	149	170	147	124	187	280	272	272	278	271	275	273	270	281	282	271	0	0	0	0	0	0	0	0	0	0	0
14.75	137	139	138	164	188	135	149	172	150	127	188	282	272	272	279	271	276	273	270	280	284	271	0	0	0	0	0	0	0	0	0	0	0
14.25	135	138	139	167	189	134	150	173	154	129	189	283	272	273	279	271	276	273	269	279	287	271	0	0	0	0	0	0	0	0	0	0	0
13.75	136	138	139	167	189	133	151	174	157	128	189	284	272	273	276	269	277	273	269	278	288	269	0	0	0	0	0	0	0	0	0	0	0
13.25	134	138	139	168	185	133	151	174	159	126	185	284	273	274	275	268	277	273	269	278	289	268	0	0	0	0	0	0	0	0	0	0	0
12.75	134	138	139	165	178	132	150	173	163	124	178	284	273	275	274	266	278	274	269	278	289	266	0	0	0	0	0	0	0	0	0	0	0
12.25	131	137	139	158	176	130	149	167	166	123	176	284	273	276	270	264	278	274	268	278	290	264	0	0	0	0	0	0	0	0	0	0	0
11.75	130	136	137	150	176	127	146	161	169	121	176	284	274	277	267	263	278	274	267	277	290	263	0	0	0	0	0	0	0	0	0	0	0
11.25	138	134	136	142	174	124	141	154	171	119	174	287	274	277	266	263	277	274	268	277	290	263	0	0	0	0	0	0	0	0	0	0	0
10.75	135	132	134	131	172	120	137	147	169	117	172	286	273	277	265	263	276	274	268	276	290	263	0	0	0	0	0	0	0	0	0	0	0
10.25	137	128	131	120	158	117	133	139	165	116	158	286	273	276	265	249	275	274	268	274	287	249	0	0	0	0	0	0	0	0	0	0	0
9.75	129	123	126	110	145	113	126	133	158	113	145	286	272	276	263	235	275	274	268	273	284	235	0	0	0	0	0	0	0	0	0	0	0
9.25	122	118	121	100	132	108	119	126	152	111	132	285	272	276	261	220	274	274	268	274	278	220	0	0	0	0	0	0	0	0	0	0	0
8.75	122	112	114	90	127	102	113	119	145	105	127	285	272	275	258	218	273	274	268	273	277	218	0	0	0	0	0	0	0	0	0	0	0
8.25	116	108	109	81	114	97	107	111	134	99	114	285	271	275	246	205	273	274	268	272	276	205	0	0	0	0	0	0	0	0	0	0	0
7.75	114	103	104	72	102	93	101	102	129	96	102	286	271	275	243	191	273	274	267	272	270	191	0	0	0	0	0	0	0	0	0	0	0
7.25	110	100	101	63	90	89	97	93	124	93	90	286	271	276	241	185	273	274	267	269	264	185	0	0	0	0	0	0	0	0	0	0	0
6.75	107	96	96	53	79	86	93	85	119	89	79	284	271	274	238	178	273	273	267	270	262	178	0	0	0	0	0	0	0	0	0	0	0
6.25	103	93	93	45	70	83	89	80	115	87	70	283	272	271	223	162	273	273	266	271	257	162	0	0	0	0	0	0	0	0	0	0	0
5.75	102	91	89	37	62	81	86	75	110	85	62	278	272	269	205	148	272	273	266	272	253	148	0	0	0	0	0	0	0	0	0	0	0
5.25	96	88	84	34	52	78	82	69	105	84	52	276	269	269	199	133	272	272	265	271	249	133	0	0	0	0	0	0	0	0	0	0	0
4.75	93	84	77	31	41	75	73	61	96	83	41	276	267	264	183	117	270	272	265	269	246	117	0	0	0	0	0	0	0	0	0	0	0
4.25	93	71	71	26	34	72	65	55	85	82	34	276	266	263	168	102	269	272	264	267	243	102	0	0	0	0	0	0	0	0	0	0	0
3.75	90	58	63	24	32	66	58	48	79	74	32	259	266	256	155	87	269	271	265	267	239	87	0	0	0	0	0	0	0	0	0	0	0
3.25	90	51	57	22	13	60	50	38	67	67	13	259	264	254	146	84	269	271	265	266	233	84	0	0	0	0	0	0	0	0	0	0	0
2.75	81	42	51	21	8	56	44	34	57	67	8	251	253	251	140	83	255	270	241	258	228	83	0	0	0	0	0	0	0	0	0	0	0
2.25	67	35	44	17	3	47	42	26	48	56	3	245	240	239	141	88	244	256	226	249	212	88	0	0	0	0	0	0	0	0	0	0	0
1.75	51	24	34	13	363	38	40	19	38	45	363	231	226	225	139	87	232	241	210	242	199	87	0	0	0	0	2	0	0	0	0	0	2
1.25	58	15	28	10	360	28	38	10	30	33	360	231	211	210	131	91	219	226	194	233	187	91	0	0	0	0	2	0	0	0	0	0	2
0.75	67	5	20	7	358	21	29	4	21	22	358	207	196	197	122	95	206	210	176	222	181	95	0	0	0	0	2	0	0	0	0	0	2
0.25	67	365	18	6	357	13	20	364	15	12	357	207	179	180	122	85	192	193	157	213	164	85	0	2	0	0	2	0	0	2	0	0	2
-0.25	67	359	14	4	355	4	12	360	13	5	355	207	164	174	124	86	177	176	140	202	160	86	0	2	0	0	2	0	0	2	0	0	2
-0.75	67	345	6	2	353	359	4	358	5	358	353	207	148	169	117	90	163	159	124	192	150	90	0	2	0	0	2	2	0	2	0	2	2
-1.25	67	329	365	1	353	348	358	356	363	348	353	207	143	163	118	93	146	142	124	187	142	93	0	2	2	0	2	2	2	2	2	2	2
-1.75	48	314	359	1	353	336	348	355	354	337	353	187	139	152	118	95	129	125	124	177	139	95	0	2	2	0	2	2	2	2	2	2	2
-2.25	48	297	359	364	351	325	346	355	345	325	351	187	135	144	120	97	126	124	124	164	129	97	0	2	2	2	2	2	2	2	2	2	2
-2.75	33	293	359	363	349	313	344	351	336	313	349	162	131	135	122	98	123	122	123	152	127	98	0	2	2	2	2	2	2	2	2	2	2
-3.25	26	289	352	357	347	301	343	347	327	302	347	151	119	129	119	100	121	120	122	142	115	100	0	2	2	2	2	2	2	2	2	2	2
-3.75	26	285	336	352	347	299	339	345	323	302	347	151	108	116	120	102	110	119	121	132	114	102	0	2	2	2	2	2	2	2	2	2	2
-4.25	26	281	320	351	345	290	334	343	320	302	345	151	106	114	122	104	108	117	120	123	113	104	0	2	2	2	2	2	2	2	2	2	2
-4.75	362	278	310	348	344	284	329	341	320	299	344	133	104	105	123	107	107	115	119	122	111	107	2	2	2	2	2	2	2	2	2	2	2
-5.25	362	271	298	346	347	279	326	343	318	295	347	133	102	103	122	110	105	114	119	122	111	110	2	2	2	2	2	2	2	2	2	2	2
-5.75	355	265	289	343	348	274	321	339	316	295	348	131	97	102	118	112	103	113	120	118	109	112	2	2	2	2	2	2	2	2	2	2	2
-6.25	349	260	281	343	349	274	319	338	316	295	349	131	92	97	114	109	100	110	117	116	107	109	2	2	2	2	2	2	2	2	2	2	2
-6.75	349	257	279	342	350	274	318	338	316	294	350	131	89	93	112	111	97	107	115	114	105	111	2	2	2	2	2	2	2	2	2	2	2
-7.25	349	255	272	340	349	274	317	337	316	294	349	131	86	90	110	109	94	104	113	112	103	109	2	2	2	2	2	2	2	2	2	2	2
-7.75	344	253	268	337	346	272	315	334	315	294	346	127	84	88	108	107	91	101	111	110	100	107	2	2	2	2	2	2	2	2	2	2	2
-8.25	344	254	268	333	342	271	313	331	315	294	342	127	81	86	106	107	89	99	110	106	98	107	2	2	2	2	2	2	2	2	2	2	2
-8.75	343	254	267	329	339	271	310	327	314	293	339	125	78	84	104	106	88	97	108	105	95	106	2	2	2	2	2	2	2	2	2	2	2
-9.25	343	254	263	325	335	271	307	324	313	293	335	125	76	81	101	103	86	95	106	103	93	103	2	2	2	2	2	2	2	2	2	2	2
-9.75	343	255	265	321	331	273	305	321	311	292	331	125	74	79	98	101	85	94	104	98	91	101	2	2	2	2	2	2	2	2	2	2	2
-10.25	337	255	267	316	327	275	303	318	311	292	327	118	72	78	95	99	84	92	102	95	89	99	2	2	2	2	2	2	2	2	2	2	2
-10.75	333	258	269	312	323	277	302	315	311	292	323	112	71	78	93	97	83	91	101	92	88	97	2	2	2	2	2	2	2	2	2	2	2
-11.25	333	262	272	308	321	280	301	313	310	292	321	112	71	79	91	96	82	90	99	90	87	96	2	2	2	2	2	2	2	2	2	2	2
-11.75	328	266	275	305	319	282	300	311	309	291	319	104	72	81	89	95	82	88	98	89	86	95	2	2	2	2	2	2	2	2	2	2	2
-12.25	328	269	280	303	317	285	299	310	308	291	317	104	72	83	88	94	82	88	97	87	85	94	2	2	2	2	2	2	2	2	2	2	2
-12.75	328	272	284	301	316	286	299	309	307	289	316	104	72	83	88	94	82	87	96	85	84	94	2	2	2	2	2	2	2	2	2	2	2
-13.25	326	275	288	301	316	288	300	309	306	287	316	105	72	83	87	94	82	86	95	83	83	94	2	2	2	2	2	2	2	2	2	2	2
-13.75	321	277	291	302	317	289	301	311	305	286	317	97	73	84	88	93	81	86	94	80	82	93	2	2	2	2	2	2	2	2	2	2	2
-14.25	320	279	294	303	318	290	302	313	304	285	318	93	74	85	88	93	81	85	93	79	81	93	2	2	2	2	2	2	2	2	2	2	2
-14.75	320	282	295	303	321	291	302	316	303	284	321	93	75	86	87	92	81	84	93	78	81	92	2	2	2	2	2	2	2	2	2	2	2
-15.25	320	284	296	303	324	292	302	318	302	284	324	93	75	86	87	92	81	84	92	77	81	92	2	2	2	2	2	2	2	2	2	2	2
-15.75	320	287	298	304	328	294	302	321	301	283	328	93	76	86	87	92	81	83	91	76	81	92	2	2	2	2	2	2	2	2	2	2	2
-16.25	322	289	300	305	332	295	302	325	300	283	332	94	77	86	87	92	82	84	90	77	81	92	2	2	2	2	2	2	2	2	2	2	2
-16.75	325	292	302	307	337	296	303	329	298	283	337	96	78	86	88	91	82	84	90	77	81	91	2	2	2	2	2	2	2	2	2	2	2
-17.25	328	294	303	308	343	297	303	331	297	283	343	93	79	87	88	91	83	85	90	78	81	91	2	2	2	2	2	2	2	2	2	2	2
-17.75	329	296	301	309	348	298	303	333	296	283	348	97	80	86	89	91	84	85	90	79	82	91	2	2	2	2	2	2	2	2	2	2	2
-18.25	326	298	300	310	352	298	304	333	295	282	352	94	81	85	89	91	84	86	90	79	82	91	2	2	2	2	2	2	2	2	2	2	2
-18.75	327	299	299	311	357	298	304	333	294	282	357	92	82	85	90	93	85	87	90	80	82	93	2	2	2	2	2	2	2	2	2	2	2
-19.25	330	299	297	311	361	298	304	332	294	282	361	94	82	84	90	93	86	88	90	80	83	93	2	2	2	2	2	2	2	2	2	2	2
-19.75	330	298	294	311	364	298	304	331	294	282	364	99	82	81	90	94	87	88	90	80	83	94	2	2	2	2	2	2	2	2	2	2	2
-20.25	328	297	291	310	2	298	304	330	293	282	2	101	82	80	90	95	87	89	90	80	82	95	2	2	2	2	0	2	2	2	2	2	0
-20.75	328	296	288	308	5	298	303	330	292	283	5	101	82	77	90	96	87	89	90	80	82	96	2	2	2	2	0	2	2	2	2	2	0
-21.25	321	296	287	306	8	298	303	328	293	284	8	99	82	76	89	98	88	89	89	81	82	98	2	2	2	2	0	2	2	2	2	2	0
-21.75	321	295	285	305	11	298	302	325	292	284	11	96	82	75	88	101	88	89	89	82	81	101	2	2	2	2	0	2	2	2	2	2	0
-22.25	326	293	283	303	14	297	301	322	292	285	14	106	81	73	87	104	88	89	88	82	81	104	2	2	2	2	0	2	2	2	2	2	0
-22.75	326	292	281	301	17	296	300	319	292	285	17	106	81	72	86	107	87	88	88	82	81	107	2	2	2	2	0	2	2	2	2	2	0
-23.25	321	290	279	300	20	295	300	316	293	285	20	107	81	71	85	111	87	88	88	82	81	111	2	2	2	2	0	2	2	2	2	2	0
-23.75	320	289	279	299	23	294	300	313	291	284	23	108	81	72	85	114	87	89	89	82	81	114	2	2	2	2	0	2	2	2	2	2	0
-24.25	321	288	279	297	26	293	299	310	290	284	26	109	81	73	84	119	87	89	90	82	81	119	2	2	2	2	0	2	2	2	2	2	0
-24.75	313	286	278	296	29	292	298	307	289	283	29	104	80	73	84	125	86	89	90	82	81	125	2	2	2	2	0	2	2	2	2	2	0
-25.25	305	285	276	295	33	290	297	304	281	283	33	106	80	72	83	131	85	89	91	82	81	131	2	2	2	2	0	2	2	2	2	2	0
-25.75	291	283	276	294	37	289	295	301	274	283	37	106	80	71	82	138	85	89	91	81	82	138	2	2	2	2	0	2	2	2	2	2	0
-26.25	291	282	277	293	41	288	295	298	266	282	41	102	79	72	82	145	84	88	92	81	82	145	2	2	2	2	0	2	2	2	2	2	0
-26.75	289	281	277	292	47	287	293	296	257	281	47	105	79	73	83	154	84	88	93	81	82	154	2	2	2	2	0	2	2	2	2	2	0
-27.25	292	280	277	291	52	285	292	294	249	280	52	105	79	74	83	161	83	87	93	81	81	161	2	2	2	2	0	2	2	2	2	2	0
-27.75	292	279	276	289	58	285	290	292	241	279	58	105	79	76	83	169	83	87	93	81	81	169	2	2	2	2	0	2	2	2	2	2	0
-28.25	292	279	277	289	64	284	289	287	233	277	64	102	78	77	84	179	82	87	93	82	81	179	2	2	2	2	0	2	2	2	2	2	0
-28.75	292	278	278	289	70	283	287	286	225	275	70	102	78	78	84	188	81	87	94	83	80	188	2	2	2	2	0	2	2	2	2	2	0
-29.25	297	278	277	288	75	276	287	284	218	274	75	97	78	78	85	196	81	86	93	83	79	196	2	2	2	2	0	2	2	2	2	2	0
-29.75	290	277	275	288	79	273	286	281	210	273	79	96	77	79	85	204	80	85	93	82	79	204	2	2	2	2	0	2	2	2	2	2	0
-30.25	290	276	275	289	82	272	281	280	203	270	82	94	77	79	86	211	79	85	92	80	79	211	2	2	2	2	0	2	2	2	2	2	0
-30.75	285	275	273	288	85	271	281	280	196	271	85	90	77	79	87	216	79	84	91	83	78	216	2	2	2	2	0	2	2	2	2	2	0
-31.25	284	274	272	288	81	271	280	281	188	270	81	88	76	79	89	213	79	83	91	86	77	213	2	2	2	2	0	2	2	2	2	2	0
-31.75	282	273	271	288	75	270	279	280	180	270	75	85	76	79	90	212	80	82	90	83	76	212	2	2	2	2	0	2	2	2	2	2	0
-32.25	279	272	270	287	68	266	276	279	174	269	68	81	75	77	92	211	79	82	89	83	75	211	2	2	2	2	0	2	2	2	2	2	0
-32.75	273	270	269	287	61	263	274	276	173	267	61	77	73	75	92	208	77	80	88	83	72	208	2	2	2	2	0	2	2	2	2	2	0
-33.25	273	269	268	286	52	260	271	274	172	266	52	79	73	72	92	207	77	79	87	83	69	207	2	2	2	2	0	2	2	2	2	2	0
-33.75	274	269	268	284	41	258	269	271	177	264	41	73	73	71	93	199	78	79	82	83	65	199	2	2	2	2	0	2	2	2	2	2	0
-34.25	277	268	268	284	33	256	266	270	182	261	33	73	73	68	90	198	78	78	81	83	63	198	2	2	2	2	0	2	2	2	2	2	0
-34.75	270	267	267	283	23	252	263	262	187	260	23	69	72	68	87	197	76	77	79	83	62	197	2	2	2	2	0	2	2	2	2	2	0
-35.25	273	265	267	282	14	250	260	261	193	258	14	68	69	66	86	193	59	72	75	21	61	193	2	2	2	2	0	2	2	2	2	2	0
-35.75	272	264	267	281	7	248	257	261	194	256	7	68	64	64	86	191	41	66	74	21	59	191	2	2	2	2	0	2	2	2	2	2	0
-36.25	276	262	267	281	363	247	255	259	196	253	363	68	59	62	85	187	41	60	72	21	54	187	2	2	2	2	2	2	2	2	2	2	2
-36.75	272	259	267	281	347	247	251	262	198	253	347	68	58	60	84	181	33	52	70	21	51	181	2	2	2	2	2	2	2	2	2	2	2
-37.25	273	257	266	277	329	246	247	260	199	253	329	67	53	58	83	171	28	45	68	21	50	171	2	2	2	2	2	2	2	2	2	2	2
-37.75	270	255	266	275	310	250	247	258	199	251	310	69	48	57	80	160	30	40	61	21	49	160	2	2	2	2	2	2	2	2	2	2	2
-38.25	274	255	266	271	307	252	247	260	202	249	307	67	45	56	78	151	30	35	59	21	47	151	2	2	2	2	2	2	2	2	2	2	2
-38.75	273	253	265	263	304	252	248	260	202	248	304	67	43	55	75	141	30	32	58	14	44	141	2	2	2	2	2	2	2	2	2	2	2
-39.25	274	254	265	260	299	252	246	255	201	238	299	66	40	53	72	141	32	30	56	14	40	141	2	2	2	2	2	2	2	2	2	2	2
-39.75	275	253	265	257	293	250	243	250	205	236	293	65	38	52	67	136	32	26	53	14	36	136	2	2	2	2	2	2	2	2	2	2	2
-40.25	276	254	266	256	288	250	242	246	211	234	288	64	36	50	65	133	35	25	53	11	30	133	2	2	2	2	2	2	2	2	2	2	2
-40.75	277	255	266	254	285	251	242	245	217	232	285	64	34	49	61	128	33	27	53	11	20	128	2	2	2	2	2	2	2	2	2	2	2
-41.25	279	256	267	253	280	252	242	244	217	232	280	65	33	49	58	116	35	25	52	15	16	116	2	2	2	2	2	2	2	2	2	2	2
-41.75	280	256	267	253	278	252	242	244	217	234	278	62	34	49	56	108	35	27	52	18	16	108	2	2	2	2	2	2	2	2	2	2	2
-42.25	281	257	267	255	276	253	243	245	218	235	276	60	35	49	53	107	37	30	55	21	25	107	2	2	2	2	2	2	2	2	2	2	2
-42.75	281	258	265	257	272	253	245	247	220	238	272	60	36	51	58	107	39	32	56	27	32	107	2	2	2	2	2	2	2	2	2	2	2
-43.25	284	260	265	257	268	255	247	256	224	238	268	62	37	50	57	99	39	33	54	30	32	99	2	2	2	2	2	2	2	2	2	2	2
-43.75	282	262	267	258	263	256	249	258	229	238	263	62	38	51	55	83	41	35	55	35	32	83	2	2	2	2	2	2	2	2	2	2	2
-44.25	279	263	268	260	264	258	252	260	234	237	264	61	41	52	55	64	43	37	55	35	32	64	2	2	2	2	2	2	2	2	2	2	2
-44.75	274	266	268	261	265	261	255	263	237	240	265	59	44	53	54	64	44	40	53	39	37	64	2	2	2	2	2	2	2	2	2	2	2
-45.25	282	271	271	265	263	266	260	265	237	240	263	59	46	55	56	64	48	44	53	39	37	64	2	2	2	2	2	2	2	2	2	2	2
-45.75	280	276	274	267	263	270	265	265	244	240	263	59	50	56	56	56	52	48	53	39	37	56	2	2	2	2	2	2	2	2	2	2	2
-46.25	280	276	274	268	262	271	267	266	251	243	262	59	52	56	55	44	53	49	53	39	34	44	2	2	2	2	2	2	2	2	2	2	2
-46.75	280	277	275	269	262	272	268	266	253	245	262	59	51	55	53	41	53	51	50	41	31	41	2	2	2	2	2	2	2	2	2	2	2
-47.25	280	279	277	272	263	273	271	266	260	249	263	59	51	56	55	38	53	52	48	44	29	38	2	2	2	2	2	2	2	2	2	2	2
-47.75	280	280	278	276	265	276	274	268	267	260	265	59	52	56	57	35	55	56	45	43	29	35	2	2	2	2	2	2	2	2	2	2	2
-48.25	280	282	280	278	267	278	276	269	269	263	267	59	51	56	58	34	56	60	46	43	32	34	2	2	2	2	2	2	2	2	2	2	2
-48.75	280	282	281	279	268	279	278	271	271	266	268	59	51	56	58	30	56	60	44	46	33	30	2	2	2	2	2	2	2	2	2	2	2
-49.25	280	283	282	281	269	280	279	272	273	269	269	59	51	55	58	28	55	60	42	47	36	28	2	2	2	2	2	2	2	2	2	2	2
-49.75	280	284	284	282	270	282	281	274	275	271	270	59	51	55	58	32	56	60	41	48	38	32	2	2	2	2	2	2	2	2	2	2	2
-50.25	280	286	285	284	272	284	283	276	277	273	272	59	52	56	59	32	56	60	41	50	38	32	2	2	2	2	2	2	2	2	2	2	2
-50.75	280	288	286	285	273	286	285	278	278	273	273	59	53	56	59	31	57	59	42	50	38	31	2	2	2	2	2	2	2	2	2	2	2
-51.25	280	289	288	287	275	287	287	279	278	273	275	59	53	56	57	34	56	58	42	50	38	34	2	2	2	2	2	2	2	2	2	2	2
-51.75	280	290	289	289	276	288	288	280	278	273	276	59	54	56	58	34	57	60	42	50	38	34	2	2	2	2	2	2	2	2	2	2	2
-52.25	280	290	290	290	276	289	289	280	278	273	276	59	54	56	58	35	57	60	42	50	38	35	2	2	2	2	2	2	2	2	2	2	2
-52.75	280	290	290	290	276	289	289	280	278	273	276	59	54	56	58	35	57	60	42	50	38	35	2	2	2	2	2	2	2	2	2	2	2
-53.25	280	290	290	290	276	289	289	280	278	273	276	59	54	56	58	35	57	60	42	50	38	35	2	2	2	2	2	2	2	2	2	2	2
-53.75	280	290	290	290	276	289	289	280	278	273	276	59	54	56	58	35	57	60	42	50	38	35	2	2	2	2	2	2	2	2	2	2	2
-54.25	280	290	290	290	276	289	289	280	278	273	276	59	54	56	58	35	57	60	42	50	38	35	2	2	2	2	2	2	2	2	2	2	2
-54.75	280	290	290	290	276	289	289	280	278	273	276	59	54	56	58	35	57	60	42	50	38	35	2	2	2	2	2	2	2	2	2	2	2
-55.25	280	290	290	290	276	289	289	280	278	273	276	59	54	56	58	35	57	60	42	50	38	35	2	2	2	2	2	2	2	2	2	2	2
